# Created by Octave 3.8.0, Sun Jun 24 17:23:33 2018 JST <tomohiro@nishinoura-no-Mac-mini.local>
# name: A
# type: matrix
# rows: 3
# columns: 2
 1 2
 3 4
 5 6


